4 1.25
4 0.50
5 0.25
6 1.50
8 0.50
9 0.12
11 1.25
10 0.50
10 1.25
10 0.50
8 0.25
6 2.00
5 0.25
5 1.25
5 0.50
6 0.25
7 1.50
9 0.50
11 0.25
13 1.25
12 1.25
12 0.50
10 0.25
8 1.50
4 1.25
4 0.50
5 0.25
6 1.50
8 0.50
9 0.12
11 1.25
10 0.50
10 1.25
10 0.50
8 0.25
6 2.00
5 0.25
5 1.25
5 0.50
6 0.25
7 1.50
9 0.50
11 0.25
13 1.25
12 0.50
12 1.25
12 0.50
10 0.25
8 1.50
9 0.50
8 0.25
9 1.50
8 0.25
9 1.25
10 0.25
10 0.25
9 0.25
10 1.25
12 0.25
12 0.25
12 1.25
12 0.50
10 1.25
11 0.25
12 0.50
13 1.25
13 0.25
13 1.25
12 0.25
12 1.25
12 0.50
11 0.25
13 1.25
10 0.50
8 0.25
9 2.00
8 0.50
9 0.50
11 0.50
12 1.50
13 1.50
13 1.00
12 0.25
13 2.50
13 0.50
12 0.50
11 0.50
12 1.00
11 1.00
9 0.25
9 2.50
8 0.50
9 0.50
11 0.50
12 1.50
13 1.50
13 1.00
12 0.25
13 2.50
13 0.25
15 0.25
16 0.25
15 1.00
13 0.25
13 2.50
13 0.50
13 0.50
12 1.50
12 1.00
11 0.50
12 2.00
11 0.50
9 1.50
13 0.25
13 1.50
14 1.00
13 1.50
12 1.00
11 0.25
12 2.00
13 0.25
13 2.50
13 1.50
12 1.50
12 1.00
11 0.25
12 2.00
11 1.50
13 0.25
15 1.50
15 3.50
