2 0.12
1 1.25
6 3.50
2 0.25
1 1.25
6 0.36
8 0.12
6 2.00
4 0.25
5 1.25
6 0.25
5 0.25
6 0.25
5 0.25
6 0.25
5 0.50
6 1.25
6 1.25
4 0.25
5 0.25
4 0.25
5 1.25
6 0.25
5 0.25
6 0.25
5 1.25
6 0.25
5 0.25
4 0.25
4 0.50
5 0.75
6 0.50
2 0.12
1 1.25
6 3.50
2 0.25
1 1.25
6 0.36
8 0.12
6 2.00
4 0.25
5 1.25
6 0.25
5 0.25
6 0.25
5 1.25
6 0.25
5 0.50
6 1.25
6 1.25
4 0.25
5 0.25
4 0.25
5 1.25
6 0.25
5 0.25
6 0.25
5 1.25
6 0.25
5 0.25
4 0.25
4 1.50
2 1.85
4 0.25
4 1.25
4 0.25
5 0.50
4 2.00
1 0.50
1 1.25
1 3.50
