13 0.75
9 0.75
13 0.75
12 2.00
11 1.25
11 0.25
11 1.25
12 0.75
12 2.00
14 0.75
14 1.25
14 0.25
14 1.25
15 0.75
15 1.10
8 0.25
13 0.75
12 0.75
11 0.75
12 2.00
6 0.75
6 0.75
8 0.75
6 1.50
6 0.75
11 0.75
11 0.75
8 0.75
6 1.50
6 0.25
6 1.25
7 0.75
7 0.75
7 0.75
6 1.50
1 0.25
1 0.75
5 1.25
5 0.25
5 1.25
5 0.75
4 3.00
13 0.75
9 0.75
13 0.75
12 2.00
11 0.75
9 1.25
11 0.25
12 2.00
14 0.75
14 1.25
14 0.25
15 1.25
15 1.50
13 1.25
13 0.25
13 1.25
15 0.75
15 2.00
6 0.75
6 0.75
5 0.75
6 2.00
11 0.75
11 0.75
8 0.75
9 1.50
9 0.25
9 1.25
7 1.25
7 0.25
7 1.25
7 0.75
8 1.50
2 0.75
5 0.75
5 1.25
5 0.12
6 1.25
4 2.50
8 1.00
6 0.25
8 1.25
11 0.25
9 0.75
11 2.50
10 1.00
8 0.25
10 1.25
9 0.25
8 0.75
9 2.50
6 1.00
7 1.25
7 0.25
8 1.25
9 0.12
8 1.00
9 1.50
9 0.25
9 1.25
8 1.25
4 0.25
4 1.25
8 0.12
6 1.00
6 2.00
8 1.25
6 0.25
8 1.25
11 0.25
9 1.25
11 2.00
10 1.25
8 0.25
10 1.25
9 0.25
8 1.00
9 2.00
6 1.00
7 1.25
7 0.25
8 1.25
9 0.12
8 1.00
9 2.00
8 0.75
8 0.75
4 2.00
4 3.50