4 1.25
4 0.50
5 1.25
6 1.25
8 1.25
8 0.50
6 1.25
8 0.50
6 1.25
9 0.50
8 1.25
6 3.50
6 0.50
8 1.25
9 1.25
10 1.25
6 0.50
8 1.25
8 3.50
6 0.50
8 1.25
9 1.25
13 1.25
12 0.50
11 1.25
10 3.50
8 0.50
6 0.50
8 1.25
6 1.25
5 3.50
4 1.25
4 0.50
5 1.25
6 0.50
8 1.25
8 0.50
6 1.25
8 0.50
6 1.25
9 0.50
8 1.25
6 1.25
6 0.50
8 1.25
9 1.25
10 1.25
6 0.50
8 1.25
9 2.50
10 1.25
12 1.25
11 0.50
10 1.25
9 0.50
9 0.75
10 1.25
11 0.50
10 1.25
11 0.50
10 1.25
9 2.50
9 0.50
10 1.25
11 1.25
11 1.25
9 0.50
11 1.25
12 2.50
11 1.25
12 1.25
13 0.50
13 1.25
13 1.75
12 0.50
11 1.25
10 0.50
11 1.25
10 0.50
9 1.75
6 0.50
8 3.50
11 0.50
12 1.25
13 0.50
13 1.25
13 0.50
13 1.25
13 1.25
12 0.50
11 1.25
10 0.50
11 1.25
10 0.50
9 1.75
6 0.50
8 3.50
9 0.50
10 1.25
11 0.50
10 1.25
11 0.50
12 1.75
11 0.50
10 1.25
11 0.50
10 1.25
11 0.50
12 1.75
11 0.50
12 1.25
13 1.25
13 1.25
12 0.50
11 1.25
9 1.75
6 1.25
6 0.50
9 1.25
6 3.50
6 1.25
6 0.50
5 0.25
4 1.25
4 0.50
8 1.75
6 0.50
6 1.25
6 0.50
7 1.25
5 3.50
