12 1.00
13 1.00
13 1.5
13 1.50
12 0.50
11 1.5
9 1.00
11 0.50
11 1.5
11 1.00
0 0.50
0 0.50
12 1.00
13 1.00
13 1.50
13 1.50
15 0.50
13 1.50
13 1.00
12 1.00
13 1.50
13 1.00
0 0.50
0 0.50
15 1.00
16 1.00
16 1.50
16 1.50
15 0.50
13 1.50
13 1.00
15 1.00
16 1.00
15 1.00
0 1.00
12 1.00
13 1.00
13 1.50
12 1.50
13 0.50
13 1.50
12 1.00
13 1.00
9 1.50
9 1.00 
0 0.50
0 0.50
12 0.75
11 1.25
9 1.5
12 0.75
11 1.25
9 1.50
12 1.00
13 1.00
11 1.50
12 1.50
13 0.50
15 1.50
16 1.50
15 0.50
13 1.50
12 1.50
11 0.50
9 1.50
9 1.00
8 1.00
9 1.50
9 1.00
0 1.00
0 1.50

